110000000
001110000
110011110
001111110
001010000
010100010
110000001
100010000
001110010
010100000
001000000
101000100
001100100
001000010
101100100
000100100
001100100
110011101
100010010
001110010
110000001
100010010
001110010
001000100
011010010
001000000
101000100
001100100
001000010
101100100
000100100
001100100
000000100
101000011
001100110
001000000
101000100
001100100
001000010
101100111
101000011
000100100
001100100
001000010
101000100
101100101
000100100
001100100
000000100
101000010
000100110
001100110
001000000
101100001
101000101
001100100
001000010
101000001
101100110
101000011
000100100
001100100
001000010
101000100
101100110
101000001
000100100
001100100
001000010
101000111
101100111
000100100
001100100
000000100
101000001
000100110
001100110
001000000
101100010
101000110
001100100
001000000
101000111
101100010
000100100
001100100
001000010
101000001
101100111
101000100
000100100
001100100
001000010
101000011
101100110
101000010
000100100
001100100
001000010
101000110
101100110
000100100
001100100
000000100
000100110
001100100
101100011
101000111
001100110
001000010
101000100
101100001
000100110
101100100
101000100
001100110
001000100
101000101
101100100
000100110
101100011
101000011
001100110
001000010
101000111
101100101
000100110
001100110
001000100
101000110
101100110
000100110
001100110
110000001
100110010
001110010
001000110
011010010
110000010
100010000
001110000
010011110
110100001
